-7.214392592570855189e-01
1.391118485345067768e+00
-4.084630067285964783e-01
-1.073028666276497178e+00
-2.862635455009650554e-01
1.120856807688243251e+00
1.379253052612132990e-01
-1.147019834053280674e+00
-1.214872958529604308e+00
-8.914073655771543869e-01
1.828247772971306750e-01
-1.576102936152718792e+00
-1.637514657955619457e+00
-7.765536452839162662e-02
-1.344119479298663933e+00
3.894760098105817803e-01
-1.878519996376160073e-01
7.606489396221274846e-02
1.645302946906246344e-01
7.056481041590524361e-01
4.217849071228210178e-01
3.884158170982373037e-01
6.989225581171797375e-01
-8.504457574851711499e-01
-1.359768124658378818e+00
8.166452875433749536e-01
-1.676405037920819741e+00
1.238762439747774780e+00
-5.726251087198422907e-01
1.102194860667035980e+00
-1.178042987496737748e+00
5.307377391646811438e-01
-1.824046924380922308e+00
-2.971601508737186093e-01
-2.082752648544339974e-02
-7.586263674843216065e-02
-3.043024382998972266e-01
1.239531486678751016e+00
1.738110143262151297e+00
9.096646364850968780e-01
-1.196972845850428069e+00
-6.064761246341718870e-01
5.106059773669722190e-01
1.126502815636695409e+00
8.006388907990253934e-01
5.337022765627205123e-01
8.283442363527876440e-01
4.320121018974382721e-01
-1.193513526820877413e+00
-1.719096560791431305e-01
-7.169046975197492788e-01
-7.175754796054226725e-01
2.340868729818603167e-01
-6.174551184186150010e-01
6.814237956977655664e-01
6.095055771735218703e-02
-8.421793718268154594e-01
-1.345313369925752178e-01
3.095908499243354983e-01
-2.071524628913169741e-01
-4.860364057325783915e-01
-1.126183548939210521e-01
4.594163616755854718e-01
-1.958814843632770142e+00
9.125261243450170090e-01
-1.195484910225413089e-01
1.343307903256913738e+00
1.591590694744151047e-01
7.670714711255500751e-01
-3.205146094036560867e-02
-5.090369072820722929e-01
-1.488693746962422293e-01
5.512313093545828657e-01
5.316099987742209931e-01
7.317302900801209153e-01
-1.027062853076689125e-01
2.079333448443781984e-01
1.532627549154011448e-01
3.436804669806856061e-01
-1.247769444507203396e+00
1.619008396543679673e+00
-7.030779142190161091e-01
1.349156814266078586e+00
4.995717139113500238e-01
6.915587101036896334e-01
9.275751139911374565e-01
9.934490082029455438e-02
3.254853913675249122e-01
-1.243785715665700620e+00
-1.566351647066726027e-01
1.043646791378842753e+00
3.675954736276837442e-01
-1.723609691367582242e+00
-1.887321521501466037e+00
-8.142192931812833878e-01
-5.350539534780466289e-01
-2.305108609009453302e-01
1.368256684196268003e+00
-1.596547764661218283e+00
8.753036914159793014e-01
